<?xml version="1.0" encoding="utf-8"?>
<object type="traktor.scene.SceneAsset" version="1">
	<worldRenderSettings type="traktor.world.WorldRenderSettings">
		<viewNearZ>0.1</viewNearZ>
		<viewFarZ>20</viewFarZ>
		<depthPassEnabled>false</depthPassEnabled>
		<shadowsEnabled>false</shadowsEnabled>
		<shadowCascadingSlices>4</shadowCascadingSlices>
		<shadowCascadingLambda>0.75</shadowCascadingLambda>
		<shadowFarZ>50</shadowFarZ>
		<shadowMapResolution>1024</shadowMapResolution>
		<shadowMapBias>0.001</shadowMapBias>
	</worldRenderSettings>
	<instance type="traktor.world.EntityInstance">
		<name>Root</name>
		<entityData type="traktor.world.GroupEntityData">
			<instances>
				<item type="traktor.world.EntityInstance">
					<name>Light</name>
					<entityData type="traktor.world.DirectionalLightEntityData">
						<transform>
							-0.899534, 0.152429, 0.40943, 0, 
							-0.141117, 0.785562, -0.602495, 0, 
							-0.413463, -0.599728, -0.685123, 0, 
							0.297718, 2.08424, -2.3101, 1
						</transform>
						<sunColor>1, 1, 1, 0</sunColor>
						<baseColor>0.5, 0.5, 0.5, 0</baseColor>
						<shadowColor>0, 0, 0, 0</shadowColor>
					</entityData>
					<references/>
				</item>
				<item type="traktor.world.EntityInstance">
					<name>MyGroupEntity</name>
					<entityData type="traktor.world.ExternalSpatialEntityData">
						<transform>
							0.789861, 0.315664, -0.525809, 0, 
							-0.0159971, 0.867678, 0.49687, 0, 
							0.613078, -0.384046, 0.690395, 0, 
							0, 0, 0, 1
						</transform>
						<guid>{1C8568DB-3C11-314B-AF1D-BD80486B45BE}</guid>
					</entityData>
					<references/>
				</item>
			</instances>
		</entityData>
		<references/>
	</instance>
	<controllerData/>
</object>
